id,EAP,HPL,MWS
id02310,0.02295536020714394,0.021316716812820567,0.9557279229800315
id24541,0.9942503522992918,0.0007988240428725502,0.004950823657826497
id00134,0.1501330779870146,0.8470212811398949,0.0028456408730944452
id27757,0.8468100166346415,0.14344800237970173,0.009741980985645684
id04081,0.8675032264051659,0.07738478477644108,0.05511198881839263
id27337,0.9220532600901619,0.05784059004776754,0.020106149862088543
id24265,0.7867791861067099,0.1934833582856447,0.019737455607643107
id25917,0.012426798240864206,0.32802880612648594,0.6595443956326508
id04951,0.998549256692496,0.0014066352941020056,4.410801339609317e-05
id14549,0.8900280992579631,0.03588753518842519,0.07408436555361064
id22505,0.033934118608699104,0.32441955808661993,0.6416463233046912
id24002,0.0007725554369550135,0.9992109944150975,1.645014794377385e-05
id18982,0.21838025786433612,0.7310346491968204,0.05058509293884349
id15181,0.022383310763788297,0.9769717471056192,0.0006449421305907972
id21888,0.729228496723376,0.10183246096666958,0.1689390423099545
id12035,0.0029406252139139912,0.001339924312073446,0.9957194504740089
id17991,0.441149346479391,0.019730557850121663,0.5391200956704895
id10707,0.9999237240329846,3.5159027363007707e-05,4.1116939641389996e-05
id07101,0.19735739762051085,0.17258610130260893,0.6300565010768813
id00345,0.23538461543465972,0.6505389959658865,0.11407638859945349
id05912,0.8518393389134502,0.039191574632567686,0.10896908645397947
id13443,0.6495848216662736,0.14720176654609302,0.20321341178763186
id09248,0.3787134649502054,0.12765406906346558,0.49363246598632904
id17542,0.17416222279286273,0.694826758472918,0.13101101873421994
id06995,0.12670422711747342,0.00014905304842864842,0.8731467198341015
id25159,0.550846972823438,0.04007375203031842,0.40907927514624387
id25729,0.6423196658054131,0.3454886026830832,0.012191731511501335
id26949,0.9359679746663966,0.035393829726711526,0.028638195606893187
id27191,0.3997911890126557,0.0191879814024263,0.5810208295849177
id07668,0.4788388676030766,0.0004157118338454344,0.520745420563078
id02230,0.17909575367799938,0.3092920998689889,0.5116121464530116
id15553,0.9982303570555302,1.9211138488189825e-05,0.0017504318059809228
id25688,0.0012162451022076006,0.9966774334950885,0.0021063214027047536
id17545,0.9132406387033918,0.07203662138739876,0.01472273990920871
id13929,0.3275289650805966,0.32429710337293727,0.34817393154646703
id12880,0.2676101804933376,0.6336721032767162,0.09871771622994216
id19282,0.519965845496813,0.14334234374754998,0.33669181075563837
id14690,0.00567774069781221,0.0006293298577960079,0.993692929444393
id17975,0.15976137013625433,0.8200790931865958,0.02015953667714715
id08037,0.9298291433849737,0.00022623029421032113,0.06994462632082629
id15412,0.16309031459388681,0.014552122616244815,0.8223575627898685
id25032,0.5179161289151638,0.07553412140577702,0.406549749679059
id27165,0.9803878101005191,0.012524624022931688,0.007087565876550706
id03327,0.8389050483558176,0.07608018349801762,0.08501476814616432
id18515,0.962105413562595,0.01596320598712913,0.021931380450273784
id21003,0.2451736550928544,0.0111415882756194,0.7436847566315288
id23855,0.000695092784778966,0.972644020290964,0.026660886924258748
id20724,0.7366470210632589,0.11711088648482681,0.14624209245191427
id13303,0.6749293262429394,0.027507847918410877,0.29756282583864646
id16521,0.00016796536101971424,0.3603105565873398,0.6395214780516347
id20775,0.9988100635451564,0.0005327400062691641,0.0006571964485719906
id13029,0.9770005912806102,0.021822907683407222,0.0011765010359877318
id14660,0.8786148552877927,0.11175054986422857,0.009634594847980054
id11028,0.0021689513594369547,7.987265061038898e-05,0.9977511759899522
id14180,0.9542991784681583,0.03387492012452834,0.011825901407307163
id25860,0.9985367665667187,0.0008396316813865972,0.0006236017518839208
id11910,0.39102930533203417,0.02703515565390658,0.5819355390140566
id08065,0.12748445591848598,0.07837096467742935,0.7941445794040838
id22674,0.003309605644711842,0.0022238451099453457,0.9944665492453456
id25018,0.43321082647804643,0.022857911462178394,0.5439312620597766
id10892,0.0010217768073000322,0.9986580974757928,0.0003201257169109171
id10217,0.01917691003998683,0.9807576177953197,6.54721646916074e-05
id12996,0.3747909779891224,0.30348748509696527,0.3217215369139126
id18262,0.8182727850127633,0.07672252580575264,0.10500468918148258
id08606,0.004295054526440823,0.9946597629449844,0.0010451825285875981
id17233,0.7128258178264588,0.04133614513629944,0.24583803703724252
id00101,0.7137142195795484,0.11813278110235163,0.16815299931810154
id12225,0.7826291245727698,0.09466134710287605,0.12270952832435404
id01364,0.05585610669395732,0.9318287229403392,0.01231517036569938
id24973,0.6524715179765819,0.06618413294655827,0.2813443490768591
id25363,0.9342070089099149,4.453578660440723e-05,0.06574845530347426
id10061,0.565910965657351,0.0433215467140403,0.39076748762860547
id17673,0.25171034983547497,0.707922764933966,0.0403668852305644
id13249,0.3915107914991165,0.0430861491172159,0.5654030593836676
id10107,0.01189617091410729,0.013135888666249363,0.9749679404196362
id04403,0.9842814103783912,0.000296821197951121,0.01542176842365397
id25728,0.8022921181409565,0.10175715368953453,0.09595072816951067
id16184,0.2784433870519005,0.08040592190020059,0.6411506910478981
id03438,0.06990326830677804,0.00013418382660582395,0.9299625478666137
id22923,0.04115534991159718,0.9580281273168716,0.0008165227715306497
id08610,0.9906368430600077,0.0036495321877595055,0.005713624752226525
id25355,0.09431363319257458,0.14849907607604823,0.7571872907313781
id16916,0.43091518999836637,0.5144091149372298,0.05467569506440804
id12793,0.09685490996333969,0.8953718062944386,0.007773283742219042
id11859,0.426260686963629,0.05976640503309273,0.5139729080032782
id02434,0.9998149195654558,0.0001615444119045909,2.353602265987725e-05
id27703,0.018113260759793505,0.0032914457102343,0.9785952935299729
id25212,0.0535309833575127,0.9397333347001545,0.006735681942333649
id11308,0.022850776483967584,0.10603122133937984,0.8711180021766529
id26094,0.8118956931858108,0.12581764157155667,0.062286665242632086
id22080,0.8684167325710315,0.12611707564682761,0.005466191782142676
id03545,0.7453399072488667,0.254186976695545,0.00047311605558420937
id23725,0.008028563725623737,0.00955107723439455,0.9824203590399805
id12009,0.7719179303926749,0.17511506363866813,0.052967005968658
id24241,0.5276914232866814,0.12583030125069355,0.34647827546262466
id03596,0.014761310449888529,0.9805255076837132,0.004713181866384914
id10749,0.13390468550024864,0.8577906449918192,0.008304669507932207
id22794,0.00357983533880157,0.020557253306504923,0.9758629113546903
id15482,0.36989720171358353,0.2346939516811894,0.395408846605228
id04833,0.6335728040286418,0.359025873567054,0.007401322404297169
id00397,0.03092274095403792,5.398114811323787e-05,0.9690232778978306
id14691,0.022341249191835028,0.06717482727085505,0.910483923537319
id05193,0.060918633721512586,0.003444707340499261,0.9356366589379878
id19541,0.9737800571793415,0.0038558018530438117,0.02236414096762315
id22166,0.03044527679859354,0.0023523501732949565,0.9672023730281062
id20744,0.0021649422606202927,0.0023588999511628427,0.9954761577882174
id10392,0.00015445247274356564,0.0002267208938449112,0.999618826633409
id00770,0.9664264372831898,0.014179986350279247,0.019393576366529018
id06018,0.4123776693650413,0.49817919847461667,0.08944313216034255
id15678,0.36630523316121244,0.0948228322594128,0.5388719345793765
id08305,0.8806320422539946,0.0735377259602026,0.045830231785802714
id08903,0.3541754902984703,0.08649632940017246,0.5593281803013573
id14752,0.3527216359026546,0.62392353762005,0.023354826477293224
id12468,0.0572363769761763,0.9399725823364845,0.0027910406873225425
id05085,0.5396988232633971,0.4460009283429057,0.014300248393696355
id21993,0.15474203419749585,0.00012823752246621015,0.8451297282800402
id15503,0.8511464106689838,0.12420600538469986,0.024647583946318392
id03021,0.0062494017179845355,0.985892550889821,0.007858047392187296
id16123,0.9788551661133316,0.015328878329427562,0.005815955557220043
id19383,0.9916746667919618,0.007395727940077217,0.0009296052679549918
id04186,0.9864287216128776,0.0072642580860789365,0.006307020301044443
id17954,0.0007909834671045734,3.4627815961691015e-05,0.9991743887169235
id12030,0.3403949036718151,0.029745093216924916,0.6298600031112593
id13020,0.8396900211351082,0.12984884983330375,0.0304611290315868
id25327,0.015582906380992235,0.5768578487552332,0.40755924486377226
id16344,0.34947924188640556,0.0767041603794123,0.5738165977341801
id12303,0.20726906426149433,0.728397713836634,0.06433322190187149
id15017,0.9908773451640165,0.003123718783577127,0.005998936052402796
id22308,0.2705206110414694,0.03543166441431506,0.6940477245442164
id06536,0.00838201004411009,0.006712717324197025,0.9849052726316891
id19797,0.02697464887444309,0.9482685338046597,0.024756817320898607
id06332,0.3972414755002629,0.32900878084339136,0.2737497436563438
id22941,0.2596029091595279,0.27777910543831685,0.46261798540215704
id13547,0.09211731830553686,0.07886201309990748,0.8290206685945541
id06928,0.017501627864238083,0.0018517710128666948,0.9806466011228963
id12521,0.39950427051639037,0.5383316707795736,0.06216405870403394
id25716,0.7946464696773354,0.007121837156012882,0.19823169316665154
id27116,9.291872622443581e-06,2.0259019732421474e-07,0.9999905055371812
id19941,0.0705050203554472,0.8698807742994831,0.05961420534507107
id05711,0.00036823230333662017,7.464600129800958e-05,0.999557121695368
id02097,0.0025938052603073805,0.014281581551041788,0.9831246131886522
id03563,0.0017718342393163347,0.997893892252988,0.00033427350770273646
id02295,0.49941785668387856,0.38123359881290336,0.11934854450321805
id08179,0.9995043909294443,0.00011495110676404231,0.0003806579637916386
id05332,0.06444180662947932,0.9142657324224797,0.02129246094804157
id15697,0.767894848342044,0.035703277888131116,0.196401873769822
id17026,0.3148655401312843,0.08900280692398431,0.596131652944732
id04243,0.9450537022607615,0.05141040738320694,0.0035358903560294653
id13175,0.9797673844563279,0.0015132438776412952,0.01871937166603082
id05387,0.9879135787364348,0.0031308107043872624,0.008955610559189931
id19989,0.7712736937424899,0.16517283741445066,0.06355346884306592
id25173,0.3476385449695104,0.1731886226604806,0.47917283237000985
id08925,0.2920573981225656,0.7030158497801227,0.004926752097309294
id03034,0.05159797397384856,0.9327903397394566,0.015611686286695675
id13272,0.010591008121901974,0.9752846429888468,0.014124348889248304
id07956,0.7535807425906148,0.09493895071432815,0.15148030669506457
id02648,0.008473145202488312,0.0023631168530099224,0.9891637379445012
id01778,0.07556916227152764,0.010739112856507799,0.913691724871963
id12846,0.037173426876421854,0.012892630528189347,0.9499339425953874
id19001,0.1407812701737168,0.07315335805298576,0.7860653717732926
id05763,0.8666176390634609,0.057247214105181986,0.07613514683136136
id15590,0.0035228604060544093,2.2302276836020996e-05,0.9964548373171063
id04912,0.7594530826383705,0.1401092649918964,0.10043765236973583
id21201,0.852892400531624,0.028529297783001,0.11857830168537878
id13215,0.9827882583372547,0.004104946075506745,0.013106795587238762
id15612,0.08396899968141376,0.8673903451429196,0.04864065517566315
id18501,0.20411345834533248,0.006717674869018843,0.7891688667856501
id07223,0.5324405769018383,0.3379775250837226,0.12958189801443906
id06707,0.376756627498702,0.45670225315943574,0.16654111934186228
id05238,0.0005805564699199111,0.9982303769231979,0.0011890666068933796
id00935,0.013580191358086099,0.13151595416960732,0.854903854472305
id00110,0.8131823781663128,0.015450200564384281,0.17136742126930615
id17476,0.8867084247610274,0.05227435570545034,0.061017219533522606
id15170,0.9034682864449459,0.09353175544175474,0.0029999581133032115
id13397,0.3735850305286646,0.08798092932913942,0.5384340401421934
id24283,0.42493119511607447,0.15296360195425604,0.42210520292966897
id15234,0.9469179330678645,0.045764560084116036,0.007317506848017298
id16884,0.38420071643599324,0.4193434734321423,0.19645581013186247
id07831,0.28635846176921786,0.5683377629906566,0.1453037752401254
id16038,0.9158383576860454,0.0694706002023526,0.014691042111601937
id03629,0.9045727305444007,0.04427876249790656,0.051148506957692796
id21019,0.7545352635298699,0.1284615549926444,0.11700318147748597
id21835,0.16447336116626426,0.08043426747921348,0.7550923713545198
id04480,0.001093991159138598,0.9970365534150277,0.001869455425832427
id20838,0.6746177735799265,0.2785025671915796,0.04687965922849942
id24195,0.3710505506437237,0.2013650233899261,0.42758442596635
id05448,0.8622699417754427,0.11393800770186432,0.023792050522695805
id15957,0.121457206017621,0.8673480608553671,0.011194733127010737
id19956,0.007656573458289702,0.00019712111481194023,0.9921463054268991
id15104,0.044818861576560835,0.15806103170491392,0.7971201067185198
id17559,0.677265211632547,0.21667351757953268,0.10606127078792063
id16839,0.4563399414342961,0.11933446590557377,0.4243255926601327
id14493,0.6126289895416555,0.016717459019326086,0.3706535514390205
id08833,0.894097221670809,0.0030045091175849247,0.10289826921160612
id15723,0.15603293312535016,0.10970004255208529,0.7342670243225642
id02716,0.9290793971269963,0.0028450078460890214,0.06807559502691696
id06689,0.07933104295132273,0.8863800915511904,0.03428886549748432
id18837,0.6983324602339894,0.06573583698637872,0.235931702779628
id04466,0.9556835417901649,0.022149688692902524,0.02216676951693355
id00686,0.973715953998178,0.01784356561751593,0.00844048038430284
id09010,0.08069374102557425,0.9024272186242721,0.016879040350155788
id23353,0.9024126649398807,0.024288848064303332,0.07329848699581659
id00066,0.8628541136420387,0.11705897655073128,0.02008690980723046
id15724,0.3726794319499958,0.5829961568793229,0.044324411170683996
id23486,0.03539628425699946,0.0006721359329376459,0.9639315798100647
id22258,0.007824319540642532,0.004130018860455784,0.9880456615989
id02292,0.75395618224889,0.13131078308830335,0.11473303466280646
id16356,0.2119979848574039,0.07797975105259562,0.7100222640899985
id00235,0.85991140098934,0.01445002358714815,0.12563857542351295
id25522,0.015078161085490868,0.002177025526534663,0.9827448133879786
id04204,0.020808029143298996,0.9755289075060919,0.0036630633506092485
id22016,0.6324502978716098,0.10765955462289203,0.2598901475054987
id06480,0.12541965265133978,0.8643269964352628,0.01025335091340523
id08718,0.09424695702609695,0.004603835975685632,0.9011492069982175
id05251,0.000999854536925734,0.9988879205788959,0.00011222488418202836
id03359,0.6525343779890279,0.0676607115614323,0.2798049104495396
id16117,0.003684486419827389,0.0046384091780511975,0.991677104402123
id17000,0.0014509668120514167,0.9966237212433068,0.0019253119446413862
id01730,0.02613418514011511,0.970026324749543,0.0038394901103333532
id00630,0.686657163925555,0.2888909895907572,0.02445184648368302
id18175,0.1670688112337232,0.0022907097008374048,0.8306404790654422
id00907,0.9096126134899081,0.024910451822777263,0.0654769346873132
id18251,0.0011219107457519737,0.9986810472049827,0.00019704204924525805
id25861,0.6744200480524328,0.11966686701855118,0.20591308492901458
id00398,0.8098733905958311,0.06322310917575792,0.12690350022841224
id27573,0.9955730623444614,0.0008658590557487046,0.0035610785997955583
id10022,0.0008825108544331115,0.9912334315432758,0.007884057602298693
id15901,0.0706700246095603,0.00018085974731295505,0.9291491156431265
id00451,0.017441638268922834,0.18064753309893436,0.8019108286321446
id23129,0.06603750671809709,0.9253946009221113,0.008567892359789329
id26498,0.3500855328946029,0.519346110521431,0.13056835658396942
id14741,0.06017142443600275,0.6124183566058088,0.32741021895818656
id18453,0.24285881069426069,0.17604114307639096,0.5811000462293446
id08309,0.9030356298646796,0.07733214516197293,0.019632224973349287
id00320,0.995697473972962,0.0033425950052707364,0.0009599310217638041
id07688,0.13589834055850833,0.021824370901378145,0.8422772885401144
id01556,0.013731309951904502,0.00034074892874665216,0.9859279411193489
id00178,0.3840717431009327,0.21648945211088874,0.3994388047881822
id18902,0.04763729932046484,0.008884773762490208,0.9434779269170402
id27002,0.6423805895565289,0.2830539322058597,0.07456547823761146
id21418,0.9772948582945776,0.010600497980231575,0.012104643725191759
id23018,0.6045345731390804,0.0942702461026818,0.3011951807582375
id07032,0.3674510100467276,0.10191985682393383,0.5306291331293349
id16195,0.5032943483677225,0.07950881847004135,0.41719683316224054
id11202,0.25327045676915233,0.6939325608516,0.052796982379244205
id09578,0.722538815880055,0.03478781539394925,0.24267336872599626
id26984,0.8513108104353853,0.035405717800356375,0.11328347176425786
id19856,0.0019391098780692333,0.9976557701829705,0.00040511993896355443
id12086,0.604845568110758,0.03543315475737712,0.35972127713186475
id12052,0.06600484566341921,0.012608580429204888,0.9213865739073773
id17728,0.00023118816449568233,0.0001546844293876397,0.9996141274061106
id24608,0.7934121045230967,0.17657343859551453,0.03001445688139113
id21097,0.018828945984560065,0.018487480253415428,0.9626835737620253
id20179,0.01104135669963976,0.0015719651087146493,0.9873866781916547
id15144,0.5856581029705472,0.2997417324012129,0.11460016462823966
id00206,0.98903153240458,0.0019142958410091713,0.009054171754412272
id22285,0.07474653979394326,0.027430929683074756,0.8978225305229841
id06417,0.3089033520225658,0.38859779690456053,0.3024988510728758
id00215,0.0021045048347693622,0.9977684820190307,0.0001270131461919505
id04201,0.32746791048416113,0.032574977400522696,0.6399571121153159
id21771,0.9206510088699279,0.046636229284197514,0.032712761845876216
id12451,0.04502942242981694,0.6171696164576045,0.33780096111257885
id14250,0.06398098177648853,0.8240898098456059,0.11192920837790984
id03433,0.04693997988924664,0.9377894679407308,0.01527055217001006
id03303,0.03812450432957836,0.002190363466920769,0.9596851322034997
id25901,0.29233746755321804,0.33901795288489983,0.368644579561883
id06945,0.46215932003547355,0.029945436489838266,0.507895243474686
id05664,0.5282426732518303,0.24695770496276775,0.22479962178540286
id05741,0.9952307946809397,0.00048709228752563324,0.004282113031533473
id10652,0.5880939199102737,0.12634675518755442,0.2855593249021716
id16300,0.9864297808779131,0.0003439704740954247,0.013226248647991785
id12319,0.6133622459832364,0.24281317464526292,0.14382457937150084
id07500,0.019873209602854155,0.9799280946139971,0.00019869578315305682
id12478,0.25680545636914665,0.3458722352261466,0.3973223084047067
id03076,0.1578265016455608,0.021767040200667782,0.8204064581537744
id00969,0.2738589601179172,0.6871016335949701,0.03903940628711123
id23636,0.06134492916408095,0.9137419392847775,0.024913131551141866
id09791,0.02395249935694694,0.0302442698271827,0.9458032308158699
id05680,0.01356697649635317,0.26526058409304243,0.7211724394106074
id03672,0.09870487724768903,0.46404366713915657,0.4372514556131549
id04286,0.0008863310248009735,0.9837799025022111,0.015333766472985216
id23883,0.006263252806692715,0.0304477772063567,0.9632889699869585
id11914,0.685522069649862,0.011889443919181512,0.30258848643095704
id20974,0.004483080208309351,0.994618391450081,0.0008985283416101039
id26125,0.21038637012796899,0.018069283089993463,0.7715443467820363
id15543,0.29065892802110627,0.1557023921806418,0.553638679798244
id19471,0.9804028792068621,0.004395293725264973,0.015201827067870355
id11503,0.7573760222908771,0.1821018535836177,0.0605221241255046
id09321,0.014858056403541653,0.9757918944513413,0.009350049145115981
id25560,9.301961457395589e-05,5.1934154279197966e-05,0.9998550462311322
id06726,0.2965259801193584,0.11220009556295893,0.5912739243176821
id05709,0.97746558778727,0.006193132940856093,0.01634127927187374
id09788,0.09926596507623343,0.6838448101135592,0.2168892248102145
id05289,0.9825075116966921,0.003962384200166048,0.013530104103133062
id11815,0.007923501555169497,0.9911042367548026,0.0009722616900288913
id22422,0.6076134109852832,0.17399310515179417,0.2183934838629221
id25954,0.8709776036955417,0.03346541897540373,0.09555697732905302
id13601,0.6641647215011585,0.23284277235377257,0.10299250614506805
id05677,0.8234716156558918,0.007812349956930216,0.16871603438717137
id10498,0.010987263497345145,0.9852731837549857,0.0037395527476631807
id02665,0.3151790206293087,0.6458946231661817,0.038926356204510446
id10114,0.012369801287721558,0.9494065040205699,0.03822369469171687
id26314,0.8725343833801175,0.0979573933525593,0.02950822326732011
id21240,0.35600248245324795,0.0818057574564903,0.5621917600902624
id15569,0.9744625923712389,0.022704370906856793,0.002833036721910528
id25928,0.062306698139911895,0.01798092526778915,0.9197123765923052
id22706,0.03179484507393387,0.9554463334985435,0.012758821427537818
id20877,0.0003146872806010613,0.9966109729471271,0.0030743397722700926
id04318,0.796333473527035,0.011587067114766663,0.19207945935819867
id18299,0.16080281267009597,0.6335736780950634,0.20562350923484396
id08126,0.024529310584425205,0.009592087767261056,0.9658786016483176
id14293,0.46656390011998716,0.021981220766593708,0.5114548791134237
id12759,0.9432453843319261,0.011130462845802368,0.04562415282227099
id11983,0.7209394199189505,0.06178782508907613,0.2172727549919728
id05580,0.1323688242016219,0.7923208154788465,0.07531036031953928
id25846,0.39606661996498166,0.3770911752869639,0.22684220474805378
id01939,0.6087142692133253,0.03378224497583448,0.35750348581084096
id26327,0.12686559438716608,0.3103013223913348,0.5628330832214962
id11068,0.004492403146925115,0.012251661589618884,0.9832559352634531
id08404,0.9971608160694838,0.0007278232277435459,0.002111360702774091
id27189,0.7738644381100535,0.21884222039177134,0.007293341498169732
id15119,0.016135640130264337,0.935254092755933,0.04861026711380178
id26525,0.983460926377823,0.0038519554211608976,0.012687118201015138
id03618,0.5780525111687338,0.31450302175508005,0.10744446707618667
id27220,0.9931343337518752,0.0036752348581694724,0.0031904313899544603
id18777,0.07451163185312384,0.00377701697446244,0.9217113511724143
id20213,0.8563824238470443,0.08729854626683312,0.05631902988612184
id20403,0.7582971329040895,0.20684862859183123,0.03485423850408308
id03777,0.049132132604473404,0.41113559742022393,0.5397322699752906
id10595,0.008448353186436948,0.9897930161924702,0.00175863062109133
id13816,0.4550046267038195,0.03440183037907105,0.5105935429171076
id05667,0.007479535138440553,0.010015512038640215,0.9825049528229244
id24629,0.5813482762409187,0.02767747500019338,0.3909742487588871
id20398,0.1387793510698314,0.2458368129305007,0.6153838359996688
id14108,0.01067978184192896,0.0017163340960732597,0.9876038840620002
id06196,0.0005087479828925795,0.9985697800769344,0.0009214719401728997
id02800,0.1374555273742437,0.71392391407601,0.14862055854974474
id18732,0.006283957208547268,0.9799946422137499,0.0137214005776993
id11915,0.046746190458991047,0.9077934270667054,0.04546038247430496
id09739,0.6578752936211804,0.11302322863332996,0.22910147774548925
id24672,0.9372047386797154,0.018247373675542976,0.04454788764475392
id00414,0.001518628416743014,0.0009371978402174375,0.9975441737430272
id16307,0.9029099195987349,0.06964540105428986,0.02744467934697189
id14043,0.3679253748129233,0.0059003411587998334,0.6261742840282781
id00517,0.004784112118572137,0.00014485311077088426,0.9950710347706758
id09744,0.9201836395446759,0.07689396643393079,0.00292239402140404
id19257,0.972629375398174,0.014306267607293432,0.013064356994534084
id15437,0.4656283098966519,0.473962224920236,0.060409465183111175
id16352,0.1067868953597543,0.015213256081179082,0.8779998485590651
id18849,0.28904260000744664,0.22216699467277373,0.48879040531978035
id19434,0.00688496886300208,0.9920762515285521,0.001038779608448577
id17928,0.07448044357900624,0.03738030965368526,0.8881392467673086
id16896,0.027244640148900733,0.02236610904469922,0.9503892508063985
id02135,0.21817556963235724,0.5562464268381258,0.22557800352951474
id15075,0.9934759387247301,0.002079714105193481,0.004444347170077596
id27486,0.0010963338693429742,0.9977568755440744,0.0011467905865907143
id19422,0.9350279381733833,0.06240063471302474,0.0025714271135928468
id09603,0.12704730142208817,0.7673010470506043,0.10565165152730782
id02133,0.049006068550548496,0.8884718754067491,0.06252205604270208
id03441,0.5950895762922067,0.002641550786463234,0.40226887292132246
id02398,0.007676333079305773,0.991950109125851,0.0003735577948481671
id05152,0.06818329220215266,0.05540348660823204,0.8764132211896168
id17838,0.4299423324829865,0.020137745952959286,0.5499199215640538
id25060,0.7696167453321119,0.22830356383459055,0.00207969083329767
id09998,0.08413763767574797,0.03435823456229883,0.8815041277619521
id01828,0.005352909329773855,0.9705706885173022,0.0240764021529272
id25377,0.35232206224015716,0.02396149006721665,0.6237164476926284
id22175,0.022048315970760134,0.975989917678137,0.00196176635110436
id02974,0.0337160553884321,0.01686559813001016,0.9494183464815606
id26955,0.9994946761741463,0.0002963819466938679,0.00020894187915894603
id21091,0.8737189135806526,0.050568156823086505,0.07571292959626545
id12802,0.9641996588572359,0.022698804900865947,0.013101536241903624
id07432,0.016704396737165915,0.8193752277152289,0.16392037554763322
id18749,0.158303917764299,0.7056744658179012,0.1360216164178
id15030,0.0011831314712690522,0.004359737556434073,0.9944571309722983
id17155,0.011555254270948133,0.9839010773977892,0.004543668331272232
id08128,0.01700474136184943,0.790888974331346,0.1921062843068118
id25706,0.0009641456645676776,0.9916264456621002,0.007409408673338366
id15645,0.8959824979508193,0.08041946485153521,0.023598037197647127
id04943,0.5739042740186219,0.36479437958513394,0.06130134639624035
id27566,0.06591567427266362,0.010473008619162998,0.9236113171081607
id11765,0.2724332811169545,0.4575763127983398,0.2699904060846924
id13783,0.33093489582687924,0.32742228700016396,0.34164281717295636
id00492,0.08597594421539871,0.014462295590672192,0.8995617601939356
id27636,0.16363718140110742,0.006061683435790175,0.830301135163092
id04273,0.6372172272892846,0.2902932978957784,0.07248947481495524
id02537,0.28641288365015527,0.20798139679856056,0.5056057195512843
id24349,0.9954968700657256,0.004225165637135182,0.0002779642971411572
id00023,0.011409201807120432,0.964627756653052,0.02396304153981648
id23025,0.35517961057702296,0.6378344534981684,0.006985935924801903
id08722,0.8471436405818011,0.07250986668701492,0.08034649273118455
id02420,0.9662097868648616,0.025770012664681437,0.008020200470454871
id10811,0.9662953778460922,0.010542211533698605,0.023162410620210464
id04019,0.012010377736409502,0.008708475677419504,0.9792811465861684
id18334,0.9728011373577985,0.016857205647987403,0.01034165699421562
id16781,0.6094836097555096,0.35483622629837025,0.03568016394612041
id08773,0.275140150304526,0.6941359960980176,0.03072385359745607
id19214,0.7469529166943818,0.21542749347416934,0.037619589831446545
id09589,8.276144238892423e-05,0.9972687029315734,0.002648535626034563
id24246,0.8150518666595786,0.04172113196956547,0.1432270013708532
id23577,0.7733747774535294,0.2225087589171367,0.004116463629331996
id09305,0.7059593188420648,0.08379347846920253,0.2102472026887326
id16460,0.470103694115692,0.030953189038414958,0.4989431168458971
id21115,0.4585739541658974,0.1107021589776711,0.43072388685642926
id25996,0.610954480035746,0.05790719289258746,0.33113832707166846
id02551,0.0006007051576321437,0.02344412284810641,0.9759551719942683
id19352,0.0016583323751655395,0.00016116809927037014,0.9981804995255601
id03806,0.028690883819944852,0.0033522058713713254,0.9679569103086845
id26544,0.7147698335364119,0.08768322000217237,0.19754694646141552
id18761,0.9579933610739882,0.028830554706538218,0.013176084219477116
id24148,0.05507722172407471,0.9406973458287429,0.004225432447180898
id16095,0.32316944170347833,0.5740427555590332,0.10278780273749415
id18442,0.7633577458179629,0.029107215981904595,0.20753503820013627
id22596,7.816059750166567e-07,6.698966485699567e-07,0.9999985484973786
id23002,0.02938975639256971,0.009017750332376527,0.9615924932750524
id04797,0.9982535798169918,0.0005887535413775777,0.0011576666416288903
id06610,0.2321876168994287,0.019233148517933705,0.748579234582635
id16173,0.4580394518893486,0.27318090445780535,0.2687796436528459
id18292,0.02398282368461103,0.33231569498201774,0.6437014813333706
id27328,0.9814353803289153,0.011353787035863616,0.0072108326352250994
id01695,0.016464328400646537,0.9810931084318494,0.0024425631675048442
id05761,0.6642008100284983,0.030638700652393224,0.3051604893191099
id16354,0.9319534360629147,0.042567063947224815,0.025479499989858777
id12207,0.11285205167124386,0.7497292373557208,0.13741871097303474
id05665,0.0654902191578797,0.002939110119580858,0.9315706707225371
id01911,0.9430558655019657,0.0525637749226628,0.004380359575367896
id19153,0.00300091151111951,0.00042214896002658206,0.9965769395288644
id10295,0.7380525259409916,0.13293065566050563,0.12901681839850768
id23038,0.48974759203507634,0.37163654938811364,0.1386158585768114
id23783,0.32935488852448985,0.6648051041898426,0.005840007285674707
id27879,0.9451295668835449,0.04954111686014787,0.0053293162563079815
id19190,0.0009757070590140553,0.9989542059473694,7.008699361402372e-05
id05065,0.8555859846720549,0.049224296933409024,0.09518971839453215
id21296,0.09330057793448054,0.8690751638770374,0.03762425818848335
id13262,0.4421313996833254,0.14564941599257064,0.412219184324103
id10333,0.9066787771539996,0.06080888039612829,0.03251234244986763
id16677,0.28123486779332607,0.2619930748845719,0.456772057322126
id01392,0.3867334845082678,0.0559976800416788,0.5572688354500538
id27874,0.6516832007820792,0.1557520507183079,0.19256474849961322
id02294,0.12497242603747179,0.5994676074475895,0.2755599665149392
id18298,0.005418938581613824,0.002454894861954683,0.9921261665564233
id06997,0.9776928057832771,0.0018174048487763644,0.02048978936794791
id05243,0.5855800933255686,0.08936839118102567,0.3250515154934051
id00860,0.001695626939008789,0.9022829977791872,0.09602137528181329
id26681,0.99300132194178,0.002766478871900076,0.004232199186323181
id06020,0.014405021654997815,4.730270173695271e-05,0.985547675643266
id27683,0.8423829427450485,0.05314208804615953,0.10447496920879454
id17655,0.04944699430967649,0.9490504901192972,0.0015025155710218904
id08817,0.044127938496380574,0.0038006101019534633,0.9520714514016568
id11512,0.0011859557812785775,0.17788901009085206,0.820925034127874
id00478,0.09523970676477611,0.13636921185350023,0.7683910813817254
id02116,0.989127242104414,0.0028214781351467784,0.008051279760441666
id06746,0.9627372424636249,0.028254864802682446,0.009007892733692416
id03863,0.4919905020315161,0.3521247224420433,0.15588477552644062
id01802,0.0921596275223749,0.8181291981892681,0.08971117428836566
id11682,0.7230434716953664,0.08367140500645638,0.19328512329817837
id04033,0.027688488683557146,0.9388046274334529,0.033506883882996205
id09286,0.04564827440845736,0.544082030196896,0.41026969539464886
id12904,0.9820617058133607,0.014525229308589493,0.0034130648780498875
id07420,0.00036357661625338405,0.0008866071679539658,0.9987498162157872
id22398,0.001278036136566321,0.9983567585923752,0.00036520527106200033
id00424,0.07320345088386775,0.005593274931594459,0.9212032741845361
id20960,0.9661209894209053,0.01968207416254373,0.014196936416552083
id10267,0.3583361625316615,0.5409376067716755,0.10072623069666353
id19330,0.5761360820010198,0.011685707021822764,0.41217821097715523
id00994,0.07631936505711419,0.9085698757193409,0.01511075922355341
id10785,0.6970406288982705,0.14816841563398517,0.1547909554677451
id00955,0.14096727574326112,0.7793025677529577,0.0797301565037802
id09757,0.0009178491121802753,0.9945204341696634,0.004561716718161162
id10030,0.3363035583713173,0.030971422061985093,0.6327250195666985
id22952,0.024675585016095083,0.02540576867963819,0.949918646304266
id21955,4.951358965176357e-06,0.0002619581298980322,0.999733090511131
id07674,0.6593970983529893,0.11181963250007838,0.22878326914693187
id13760,0.021924304730089432,0.9723975265123785,0.005678168757526302
id18166,0.9602964879183892,0.0006190587159704264,0.03908445336563955
id23498,0.89674913740142,0.09228759927151096,0.0109632633270703
id05296,0.9835665111262386,0.013310250843449176,0.003123238030311785
id26709,0.8639433744161833,0.01919168516347338,0.11686494042033993
id02853,0.9754607397491212,0.018668036886287574,0.0058712233645949255
id06800,0.28641045943577,0.13479971096593052,0.5787898295982994
id14758,0.13373590528749327,0.8017476122631505,0.0645164824493679
id12356,0.9925782221451935,0.00471990031861824,0.0027018775361922474
id21492,0.7394205913825606,0.20994992093215697,0.05062948768528282
id27540,0.5208360888102924,0.04305973461183737,0.43610417657786915
id07376,0.11841410735191364,0.7904180172698052,0.09116787537827505
id15201,0.6242571654307804,0.20118670914365847,0.17455612542556315
id23388,0.002225428324679499,0.9908394800796326,0.006935091595689016
id13923,0.006931627957035319,0.9912400768752263,0.0018282951677326968
id00794,0.0008357891932588816,0.9957496019384976,0.003414608868240905
id23910,0.15268887776123835,0.01975789537095294,0.8275532268678021
id02556,0.04446968886281313,0.10444448769722862,0.8510858234399585
id22151,0.0008010968966422454,0.99917558367355,2.331942980413848e-05
id11698,0.4400913149236647,0.49710829968158465,0.062800385394749
id11627,0.6690116506005931,0.11706639558545681,0.21392195381394888
id06340,0.9404233825802824,0.055060841459539364,0.0045157759601758924
id05123,0.8778936913382515,0.03534712906612681,0.08675917959561988
id26620,0.001006832902882703,0.00022911354741822395,0.9987640535496973
id04002,0.016991910450634373,0.0568779887376206,0.92613010081174
id26554,0.08507782086768831,0.7489185924005352,0.16600358673177987
id18012,0.053121723435381484,0.15828940557069837,0.7885888709939268
id12964,0.3770253816804653,0.029749118350394586,0.5932254999691406
id18965,0.012611182268514539,0.6759078943583219,0.31148092337314903
id19082,0.1136780656865412,0.008501663735963018,0.8778202705775012
id26742,0.15628357051857206,0.002097393873167379,0.841619035608262
id15442,0.17665109200613158,0.8017547559966053,0.021594151997259788
id16647,0.5380361060609712,0.052211475705231415,0.4097524182337972
id11544,0.38475528693918415,0.017891536520760715,0.5973531765400504
id20581,0.4104457195767113,0.13058859758290733,0.4589656828403821
id13192,0.5093640907681369,0.30464817140780764,0.18598773782405725
id15814,0.16372259994489993,0.11354256010584356,0.7227348399492605
id26279,0.08015779781034735,0.9116436505181295,0.008198551671516058
id00240,0.9104061234938297,0.040893719057427134,0.04870015744874234
id22836,0.9958185410454385,0.0004173952868162612,0.003764063667758312
id15085,0.00047206233347596915,0.927361368115992,0.07216656955052533
id17495,0.6288288027804494,0.026016817692967688,0.3451543795265825
id26762,0.6774642719363426,0.04252261221309917,0.2800131158505591
id13685,0.9988340644778934,0.00015030866345538247,0.0010156268586492057
id16560,0.07055258600624977,0.9177871218858138,0.01166029210793351
id17184,0.0003073668345423067,0.9984298922375237,0.0012627409279411961
id21635,0.9981466862893414,0.0005529903842489526,0.0013003233264173885
id26751,0.18510387754056154,0.6796617666853095,0.13523435577412823
id12351,0.914666762410147,0.021982680636121694,0.06335055695372627
id14872,0.5449099530111765,0.26627926112955524,0.18881078585926808
id18372,0.9209362916050052,0.06843245504003136,0.010631253354961762
id26851,0.6431033215551526,0.2410169306352242,0.1158797478096244
id22659,0.759710407100402,0.23284013519085506,0.007449457708741917
id04102,0.00028175753333024563,2.5972536880341282e-05,0.9996922699297963
id02353,0.004833956949484635,0.9933439086911319,0.0018221343593707792
id26721,0.9991960277353276,9.743304747371462e-05,0.0007065392172014178
id11171,0.7898717129149135,0.04016424993403113,0.16996403715105585
id13562,0.5001348088896002,0.2957391979322059,0.20412599317819402
id26425,0.8779931844727266,0.01997502786841046,0.10203178765886267
id26394,0.42042508108586396,0.12715924994713795,0.45241566896699537
id22187,0.5081019933920933,0.4007061764727987,0.09119183013510725
id00422,0.9896260598778343,0.001257515629121015,0.009116424493042204
id22667,0.02370507235609795,0.9760232645894291,0.00027166305447079214
id00911,0.6023448483360082,0.13119485082615565,0.266460300837838
id17291,0.5732449352211126,0.004904635986537501,0.42185042879235707
id01915,0.08446036707463218,0.16997655795095126,0.7455630749744142
id01434,0.2705825372753935,0.02275424311212792,0.7066632196124786
id01584,0.4556027882913969,0.04115110803528376,0.5032461036733199
id09266,0.8647915016857931,0.12390072818858937,0.011307770125614089
id17494,0.0043895295189542,0.957141233227292,0.03846923725375294
id24919,0.4691083308284905,0.17042674727206525,0.36046492189944396
id21043,0.1490898685056105,3.792931276035712e-05,0.8508722021816162
id17796,0.002908028447646359,0.990748338823918,0.006343632728428826
id02166,0.5282559426786838,0.07118166231671157,0.40056239500460966
id17503,0.885801293688923,0.09568792084143352,0.0185107854696416
id21203,0.5815603354212746,0.09467770948665302,0.3237619550920725
id25626,0.9988930179468409,0.0009724967820543366,0.00013448527108723718
id09836,0.9991024933768538,0.0005223222004954441,0.00037518442264933706
id24202,0.04079989078471725,0.04189006072613252,0.9173100484891465
id27260,0.3885347294231173,0.13475592755,0.4767093430268817
id23167,0.0014890817226562022,0.001244580405533333,0.9972663378718135
id10393,0.006989084863095657,0.990342572784489,0.002668342352416325
id01171,0.5828764825696813,0.3825546906201945,0.0345688268101247
id06380,0.9237420279699083,0.04577798006137506,0.03047999196871763
id22686,0.23899336586194245,0.030277363434816296,0.730729270703235
id26250,0.19118506417191689,0.00796066696863344,0.8008542688594483
id09315,0.1955809280318228,0.7409767966578235,0.06344227531035497
id00886,0.1096993941311681,0.7647550871124774,0.12554551875635572
id03101,0.9217558537615751,0.03881362223041571,0.03943052400800491
id12367,0.6465927584487993,0.0367629148603572,0.3166443266908446
id10770,0.7939473853769898,0.018888901963043114,0.18716371265996887
id14949,0.026809726731053703,0.962217410913085,0.010972862355866673
id14141,0.3171728797442596,0.6645730424081396,0.018254077847597756
id25417,0.3645524500992802,0.5181728259470829,0.11727472395363976
id26873,0.512307921598375,0.2673979492031796,0.22029412919844718
id10818,0.16583801878653442,0.014380436162127964,0.8197815450513369
id15146,0.7301788271761642,0.017055771188377734,0.2527654016354571
id23328,0.7378934089095686,0.2603128733036031,0.0017937177868335898
id16765,0.3239338621098466,0.5792900445186301,0.09677609337152915
id24383,0.9662197445002256,0.010476244101827301,0.02330401139795004
id21304,0.9565043426735148,0.005403720696468753,0.038091936630015796
id12551,0.11724712729021691,0.8722315443946915,0.01052132831510163
id23274,0.0841973729308392,0.05015231772736108,0.8656503093417957
id08117,0.6923719970307245,0.03541552049051264,0.27221248247876306
id23961,0.8834130440995797,0.06830448932994236,0.048282466570473415
id13865,0.02540263074114471,0.9740938707528419,0.0005034985060171015
id22807,0.4804680331431316,0.021456216479263837,0.49807575037760754
id08951,0.1339695560839839,0.06903264743179849,0.7969977964842181
